391.837 76.257;
406.349 47.7081;
142.222 48.1253;
249.615 79.4307;
473.107 73.6526;
124.807 64.4476;
298.957 78.5452;
644.354 79.1918;
325.079 79.45;
513.742 84.2617;
313.469 84.4335;
249.615 75.3636;
844.626 88.2854;
293.152 86.0685;
240.907 85.5017;
252.517 85.2168;
220.59 85.0648;
240.907 84.0914;
220.59 86.5711;
211.882 88.4838;
264.127 88.4792;
214.785 69.556;
217.687 84.6713;
243.81 88.4065;
298.957 88.2397;
415.057 87.1939;
574.694 72.9579;
1581.86 62.249;
313.469 61.6191;
1012.97 75.2808;
1221.95 69.9229;
162.54 86.6884;
330.884 85.3948;
156.735 85.6161;
179.955 86.4116;
182.857 87.5258;
168.345 84.5197;
374.422 84.1329;
182.857 79.1562;
110.295 84.7804;
162.54 87.9763;
162.54 84.3744;
203.175 85.5641;
319.274 86.7541;
133.515 78.3037;
171.247 86.8865;
142.222 90.16;
171.247 88.5291;
153.832 89.1435;
206.077 89.2804;
116.1 64.8294;
377.324 86.4431;
153.832 82.6071;
130.612 64.5654;
165.442 86.1474;
168.345 85.583;
208.98 86.165;
165.442 67.091;
156.735 53.9221;
171.247 66.5996;
150.93 82.6502;
174.15 75.9383;
159.637 76.9373;
179.955 58.9565;
153.832 80.0349;
177.052 63.0847;
142.222 56.5919;
168.345 82.7286;
145.125 63.1503;
171.247 70.3331;
156.735 56.4798;
121.905 71.0739;
194.467 87.9421;
156.735 69.4824;
168.345 53.9947;
194.467 54.7077;
156.735 65.9058;
182.857 49.0266;
110.295 56.1707;
229.297 79.1937;
121.905 53.3636;
220.59 80.3481;
150.93 57.3485;
174.15 57.4127;
119.002 59.7921;
203.175 55.8172;
145.125 67.209;
191.565 58.4497;
148.027 68.4198;
182.857 53.3682;
121.905 58.634;
217.687 79.3625;
145.125 52.416;
179.955 59.3389;
145.125 52.099;
200.272 57.459;
142.222 57.2192;
188.662 50.2101;
150.93 70.7294;
179.955 64.5455;
150.93 51.0411;
165.442 49.3139;
165.442 52.9372;
165.442 70.6814;
148.027 59.2353;
116.1 71.7976;
383.129 83.0518;
281.542 66.5905;
313.469 79.5801;
478.912 83.9946;
650.159 83.5107;
197.37 81.4351;
174.15 74.1134;
95.7823 52.0985;
188.662 82.9844;
121.905 69.1477;
148.027 83.0803;
531.156 80.9568;
171.247 69.2906;
156.735 47.3037;
142.222 63.2802;
1317.73 46.1293;
380.227 79.8766;
333.787 81.0345;
357.007 83.7767;
113.197 79.8024;
177.052 90.2975;
214.785 88.9088;
98.6848 88.7704;
124.807 76.5169;
87.0748 88.5209;
194.467 57.2274;
275.737 88.1886;
246.712 89.0911;
235.102 86.2862;
226.395 88.9574;
214.785 64.88;
235.102 89.2063;
235.102 87.4964;
235.102 88.5006;
252.517 86.4417;
304.762 87.5165;
316.372 79.7717;
345.397 83.8986;
391.837 84.8752;
339.592 67.8009;
412.154 85.2811;
357.007 86.5503;
342.494 81.7858;
432.472 87.4103;
539.864 89.5527;
589.206 89.1001;
487.619 94.3901;
502.132 83.5062;
1062.31 93.5273;
1210.34 88.3024;
1079.73 91.969;
1100.05 89.3275;
1015.87 70.324;
644.354 40.9289;
574.694 79.219;
432.472 81.4818;
377.324 84.1417;
354.104 82.9302;
365.714 73.6063;
322.177 81.7952;
182.857 70.7559;
159.637 75.2353;
560.181 83.0318;
351.202 86.1979;
290.249 83.6665;
269.932 85.6303;
200.272 85.0262;
121.905 59.8325;
269.932 85.2347;
220.59 64.4464;
119.002 82.4003;
124.807 88.7521;
153.832 87.7003;
150.93 84.6463;
441.179 86.1012;
386.032 83.6826;
304.762 83.9917;
293.152 84.1645;
145.125 83.4925;
873.651 77.6906;
1007.17 87.3375;
426.667 69.4569;
397.642 83.3457;
235.102 83.4886;
217.687 79.8255;
429.569 78.1688;
133.515 64.5901;
238.005 86.831;
121.905 69.5977;
182.857 81.7937;
174.15 82.4357;
589.206 84.2425;
232.2 83.9886;
223.492 85.7401;
142.222 82.0839;
150.93 82.5165;
159.637 85.2807;
298.957 84.498;
301.859 87.7127;
383.129 85.1484;
487.619 76.8674;
150.93 84.0599;
327.982 88.1121;
284.444 86.7057;
130.612 69.9458;
220.59 91.3486;
203.175 89.9293;
206.077 92.0179;
142.222 71.9646;
150.93 91.3008;
168.345 89.4554;
206.077 91.9;
145.125 56.9467;
261.224 92.0987;
220.59 63.9585;
327.982 90.9494;
510.839 91.078;
911.383 93.0583;
148.027 90.6613;
148.027 88.2906;
153.832 90.3624;
446.984 82.4863;
690.794 84.8333;
197.37 90.3886;
269.932 67.4421;
267.029 88.2802;
133.515 89.9008;
148.027 88.6672;
246.712 88.4562;
124.807 88.2093;
153.832 81.3001;
127.71 90.2292;
127.71 89.095;
119.002 89.8059;
966.531 86.441;
330.884 82.9625;
136.417 88.0418;
148.027 87.0073;
177.052 88.9106;
145.125 66.3416;
148.027 67.7297;
1465.76 71.0984;
145.125 87.5741;
153.832 88.754;
153.832 85.0128;
159.637 84.8492;
249.615 85.2853;
104.49 82.6417;
156.735 86.7216;
220.59 87.8136;
110.295 79.9459;
226.395 88.3184;
127.71 74.2188;
203.175 88.2593;
232.2 85.4127;
267.029 86.3543;
238.005 90.637;
316.372 86.9024;
298.957 90.1094;
621.134 87.6994;
830.113 84.6768;
336.689 88.1976;
171.247 77.4662;
325.079 88.0018;
449.887 87.7267;
275.737 86.3464;
278.639 87.175;
635.646 84.6438;
345.397 86.4323;
325.079 86.486;
812.698 85.8842;
949.116 84.03;
696.599 68.0901;
1535.42 87.1077;
104.49 87.4672;
888.163 55.667;
670.476 88.5849;
4638.19 84.4781;
1219.05 58.5837;
687.891 71.1748;
650.159 79.1791;
896.871 86.3726;
333.787 89.8318;
304.762 88.9557;
307.664 87.0967;
333.787 87.5147;
496.327 89.7648;
557.279 76.3311;
1549.93 92.8295;
603.719 74.4076;
1239.37 91.7541;
423.764 89.0781;
296.054 87.6069;
368.617 89.4145;
278.639 83.8767;
348.299 89.9634;
327.982 86.9762;
220.59 81.5337;
148.027 87.4833;
351.202 87.8293;
159.637 86.3593;
595.011 83.6336;
162.54 87.357;
203.175 68.939;
232.2 87.7662;
136.417 81.8961;
136.417 84.1504;
316.372 82.0975;
124.807 83.3417;
232.2 86.9636;
252.517 87.4659;
110.295 84.7408;
119.002 81.6184;
110.295 84.7743;
113.197 68.7809;
113.197 85.8168;
310.567 85.3373;
165.442 83.0604;
795.283 82.3439;
139.32 84.1331;
238.005 77.6824;
374.422 81.0239;
139.32 87.3804;
110.295 84.9146;
249.615 86.7506;
760.453 82.8784;
238.005 71.3161;
235.102 80.9479;
113.197 83.9539;
121.905 86.062;
133.515 84.1338;
235.102 86.4603;
258.322 84.591;
139.32 87.81;
133.515 83.8243;
269.932 86.207;
159.637 88.2815;
357.007 87.4441;
182.857 85.6378;
383.129 87.1342;
287.347 59.2917;
200.272 77.1913;
548.571 78.2492;
374.422 74.8455;
156.735 63.8811;
232.2 79.4791;
275.737 80.6854;
339.592 80.3309;
171.247 85.8046;
159.637 83.0896;
142.222 88.0943;
191.565 88.33;
116.1 68.5151;
171.247 86.1473;
156.735 84.6688;
165.442 87.9717;
171.247 87.8066;
203.175 85.0899;
208.98 83.5927;
644.354 86.3068;
267.029 84.1023;
600.816 83.0556;
165.442 60.294;
1457.05 84.2097;
330.884 77.3696;
2333.61 82.2317;
415.057 71.9043;
444.082 72.6746;
435.374 66.613;
821.406 73.8364;
415.057 88.5287;
153.832 85.0687;
206.077 78.1923;
168.345 80.6174;
214.785 82.9416;
206.077 88.4591;
113.197 85.0245;
153.832 72.0076;
519.546 88.0106;
693.696 38.4335;
493.424 85.5801;
95.7823 65.6765;
417.959 87.1319;
621.134 53.4749;
171.247 85.9907;
525.351 88.4459;
191.565 87.3371;
490.522 87.0668;
507.936 85.9437;
388.934 78.4125;
362.812 87.6278;
95.7823 89.4089;
1155.19 60.0686;
1596.37 75.6324;
931.701 78.768;
998.458 77.1254;
992.653 81.0169;
995.556 87.6462;
142.222 87.4647;
949.116 87.6225;
879.456 83.8961;
339.592 87.6996;
972.336 73.0176;
107.392 87.4003;
3099.86 49.1326;
371.519 75.5706;
316.372 74.5546;
2414.88 68.4866;
618.231 71.5693;
1535.42 67.7729;
275.737 78.0075;
69.6599 83.9566;
197.37 79.2536;
272.834 87.1487;
89.9773 84.8523;
208.98 80.6639;
92.8798 85.1363;
301.859 77.6266;
84.1723 83.5806;
348.299 79.5561;
481.814 83.893;
676.281 83.8248;
702.404 87.5552;
777.868 84.0725;
661.769 63.1159;
1547.03 75.5869;
647.256 64.6374;
1239.37 71.2665;
95.7823 83.9537;
188.662 84.2411;
182.857 85.2153;
185.76 84.7257;
104.49 84.0628;
127.71 85.1445;
168.345 67.8058;
191.565 84.5652;
95.7823 84.7282;
185.76 84.7892;
95.7823 85.1143;
98.6848 83.7723;
182.857 84.3705;
116.1 84.5646;
249.615 86.4916;
580.499 83.515;
188.662 72.0228;
148.027 58.3663;
139.32 71.6776;
148.027 60.9201;
142.222 66.6297;
139.32 64.7162;
150.93 73.6221;
130.612 59.7575;
133.515 67.9799;
136.417 53.5012;
150.93 57.3864;
148.027 63.5137;
142.222 75.6864;
142.222 69.4883;
139.32 70.1017;
148.027 70.8111;
133.515 79.487;
139.32 79.19;
130.612 80.9394;
130.612 77.2881;
139.32 74.8744;
148.027 63.8731;
159.637 62.1134;
206.077 63.5714;
1343.85 56.9382;
232.2 85.0295;
185.76 86.532;
252.517 83.8405;
136.417 74.8071;
191.565 85.1947;
235.102 84.3188;
150.93 53.335;
2104.31 73.1077;
400.544 69.0816;
336.689 71.032;
769.161 68.7113;
391.837 68.3982;
740.136 70.5154;
336.689 72.4902;
1716.83 71.6645;
