52.1274 0.258118 0.178257 0.617121 609.524;
71.6278 0.346745 0.212384 0.612763 1294.51;
73.0704 0.0862827 0.253074 0.675663 1668.93;
75.2171 0.280304 0.293177 0.262864 1883.72;
72.8324 0.0958862 0.151324 0.397571 325.079;
70.9096 0.0874023 0.180162 0.521213 269.932;
68.9496 0.127964 0.238 0.467521 240.907;
67.9467 0.0693529 0.184267 0.41702 470.204;
58.9071 0.280029 0.112971 0.449975 240.907;
53.9095 0.198376 0.108652 0.472781 925.896;
52.0409 0.459059 0.202573 0.589146 1146.49;
57.0729 0.672268 0.190014 0.319571 1094.24;
42.1777 0.399353 0.0441928 0.170304 168.345;
45.3996 0.276499 0.0866624 0.154783 359.909;
47.9572 0.420307 0.0815621 0.494114 612.426;
59.1852 0.714417 0.134961 0.489983 316.372;
64.2563 0.536896 0.145313 0.67009 377.324;
68.9557 0.745843 0.194484 0.392938 1343.85;
84.8967 0.0343022 0.200021 0.472356 1053.61;
84.6658 0.319844 0.248901 0.457687 478.912;
82.7944 0.324036 0.221777 0.476288 351.202;
80.842 0.172349 0.244867 0.701534 298.957;
79.7978 0.164165 0.267129 0.366119 583.401;
70.7668 0.398428 0.153119 0.640605 272.834;
80.7189 0.689711 0.239953 0.465439 760.453;
80.0911 0.362778 0.205023 0.537589 417.959;
70.8395 0.429333 0.174663 0.42013 325.079;
66.0645 0.315137 0.137966 0.312209 171.247;
61.861 0.42587 0.160621 0.132162 319.274;
59.8496 0.158932 0.0759007 0.153759 313.469;
58.9221 0.201551 0.0794109 0.171462 249.615;
56.7878 0.100494 0.0852189 0.116104 211.882;
44.335 0.139283 0.0659628 0.090228 168.345;
54.2415 0.100857 0.0720086 0.084206 165.442;
50.9269 0.106351 0.0546708 0.104201 371.519;
47.6551 0.298504 0.0578204 0.343621 417.959;
47.1001 0.633945 0.145884 0.304123 432.472;
49.0199 0.719702 0.131307 0.220864 281.542;
54.0201 0.466643 0.130875 0.318447 258.322;
58.9627 0.338182 0.16947 0.429294 243.81;
63.9747 0.501291 0.151294 0.291881 220.59;
65.8768 0.611653 0.134657 0.583894 185.76;
67.9097 0.611237 0.180501 0.489211 255.419;
68.7963 0.409694 0.142255 0.631221 339.592;
68.0283 0.38611 0.250551 0.593728 159.637;
68.0165 0.826233 0.205944 0.497667 516.644;
70.9954 0.778554 0.185813 0.625128 177.052;
71.021 0.934601 0.285507 0.257958 319.274;
56.6039 0.0497398 0.112319 0.40474 1108.75;
64.1317 0.676556 0.160119 0.592505 185.76;
64.0688 0.610909 0.235202 0.185504 174.15;
60.5378 0.250832 0.120032 0.218664 168.345;
57.3487 0.281219 0.153216 0.462356 626.939;
58.9604 0.666174 0.138319 0.294723 200.272;
56.86 0.312272 0.143899 0.344644 301.859;
60.6255 0.505188 0.150647 0.513816 182.857;
65.9737 0.511013 0.166555 0.303143 168.345;
60.8947 0.421161 0.120174 0.640856 1033.29;
66.4975 0.477317 0.196467 0.5649 235.102;
63.011 0.652396 0.228056 0.316574 165.442;
59.1086 0.393312 0.152505 0.439014 177.052;
44.7866 0.426941 0.218705 0.341666 589.206;
42.0922 0.596344 0.0916649 0.180068 145.125;
42.0654 0.556183 0.0666605 0.196338 188.662;
42.1267 0.561646 0.127928 0.316388 374.422;
53.8275 0.304428 0.153512 0.231588 162.54;
52.0012 0.322578 0.0994404 0.592823 661.769;
57.0931 0.563598 0.197335 0.24445 177.052;
52.0051 0.273697 0.183666 0.474879 687.891;
58.9665 0.555859 0.166922 0.422807 502.132;
60.0568 0.455231 0.130642 0.451234 760.453;
65.981 0.431815 0.183873 0.476117 380.227;
64.0383 0.428833 0.177844 0.508128 307.664;
59.9033 0.560142 0.143756 0.370888 531.156;
58.9843 0.464008 0.0975529 0.445848 293.152;
60.9611 0.442098 0.203628 0.43419 217.687;
61.792 0.516053 0.169745 0.307533 275.737;
60.8707 0.355594 0.115799 0.449004 246.712;
61.9098 0.526276 0.164393 0.440339 142.222;
65.9687 0.454811 0.217114 0.408187 426.667;
60.9161 0.441467 0.179456 0.300799 206.077;
61.9484 0.457306 0.141618 0.345301 142.222;
63.9853 0.392253 0.152829 0.487333 316.372;
69.0081 0.312203 0.215983 0.482956 650.159;
70.8902 0.366537 0.232467 0.325263 153.832;
56.96 0.3064 0.172673 0.341114 159.637;
64.0067 0.355209 0.18482 0.267972 333.787;
60.9078 0.377056 0.124604 0.192089 145.125;
53.8769 0.166943 0.10433 0.120179 162.54;
49.8039 0.0851515 0.122523 0.147305 1465.76;
44.9289 0.120088 0.0494903 0.161618 246.712;
47.0694 0.175908 0.0683611 0.0774745 159.637;
48.9343 0.163338 0.0367587 0.166757 174.15;
51.9174 0.120719 0.0734773 0.130966 200.272;
56.0767 0.051618 0.0659443 0.371383 679.184;
58.8663 0.145037 0.15994 0.382686 658.866;
58.8936 0.159468 0.143214 0.17554 182.857;
59.8937 0.159786 0.0842608 0.310649 597.914;
65.7993 0.557251 0.119257 0.448017 188.662;
67.9589 0.212496 0.187617 0.391278 345.397;
68.0341 0.308942 0.116053 0.39168 325.079;
68.9043 0.471928 0.171729 0.319787 359.909;
63.9192 0.435642 0.174643 0.288254 316.372;
65.8168 0.427139 0.166091 0.325797 153.832;
56.8886 0.49522 0.114515 0.673185 330.884;
71.7672 0.416363 0.160699 0.677777 322.177;
75.8585 0.384466 0.23853 0.391603 174.15;
77.7387 0.441559 0.169111 0.33757 174.15;
72.8022 0.429688 0.190564 0.791417 519.546;
79.7385 0.34255 0.309705 0.67615 339.592;
79.7407 0.336372 0.229044 0.471773 162.54;
75.8104 0.253731 0.154449 0.291076 162.54;
72.7732 0.137391 0.187458 0.187181 179.955;
65.7942 0.0838566 0.0800667 0.351407 1338.05;
65.9022 0.231422 0.117779 0.518753 200.272;
67.957 0.156765 0.162991 0.5363 284.444;
67.9708 0.263851 0.156729 0.547434 203.175;
70.8573 0.231697 0.24969 0.411767 272.834;
70.8746 0.288731 0.198202 0.346841 267.029;
65.8967 0.390295 0.164517 0.506866 159.637;
68.9769 0.259081 0.234643 0.387956 319.274;
71.6084 0.28363 0.192102 0.306052 206.077;
64.07 0.218154 0.115276 0.445142 246.712;
65.9605 0.423798 0.203868 0.36341 545.669;
63.9916 0.300212 0.174309 0.399963 319.274;
63.0459 0.52539 0.181778 0.310509 490.522;
62.976 0.513499 0.127924 0.55589 165.442;
65.978 0.443541 0.212747 0.399841 493.424;
65.9903 0.389861 0.19287 0.486592 304.762;
61.0625 0.378911 0.226159 0.365708 310.567;
56.0643 0.421654 0.189301 0.243373 171.247;
53.9635 0.196718 0.103451 0.243279 153.832;
52.0028 0.248128 0.109023 0.304067 1274.19;
55.8942 0.177071 0.114154 0.283345 667.574;
60.8379 0.425485 0.109938 0.31325 682.086;
59.5411 0.412445 0.0951394 0.31534 275.737;
64.0137 0.299422 0.104134 0.353639 351.202;
65.964 0.312463 0.105341 0.444279 658.866;
70.914 0.443701 0.158259 0.532614 316.372;
72.9592 0.333279 0.148247 0.500692 313.469;
67.944 0.381568 0.138469 0.277284 330.884;
66.0018 0.475516 0.0743456 0.391353 319.274;
60.8812 0.640533 0.105901 0.25681 307.664;
53.9026 0.158197 0.0665503 0.103907 937.506;
48.9236 0.244706 0.0320193 0.135968 223.492;
52.0494 0.314748 0.0694773 0.219618 296.054;
53.9338 0.466011 0.0449835 0.151012 258.322;
52.0623 0.339281 0.0442915 0.289538 211.882;
53.9216 0.428121 0.0678926 0.292809 159.637;
53.9801 0.162432 0.0751797 0.239424 145.125;
54.0061 0.316233 0.0615844 0.351338 505.034;
44.7268 0.267607 0.038316 0.26835 142.222;
59.0049 0.354067 0.091992 0.440039 510.839;
55.9798 0.400727 0.11027 0.485321 522.449;
53.9607 0.816981 0.099193 0.193708 908.481;
56.0012 0.178174 0.057241 0.287007 246.712;
58.9817 0.38652 0.0750525 0.194618 333.787;
62.841 0.425915 0.0486492 0.25674 296.054;
63.9732 0.45094 0.0514611 0.286316 322.177;
62.82 0.276508 0.0732472 0.548818 362.812;
63.8993 0.110462 0.14143 0.535909 899.773;
65.8315 0.538304 0.0952902 0.326275 148.027;
63.8987 0.17572 0.103997 0.342603 1300.32;
65.8969 0.447643 0.0710435 0.195411 206.077;
63.8513 0.225411 0.0477254 0.205538 206.077;
67.8601 0.143312 0.0430134 0.222834 278.639;
72.8363 0.15109 0.0601847 0.461652 287.347;
70.8319 0.18555 0.0955401 0.456522 310.567;
74.8564 0.253458 0.086138 0.464944 310.567;
75.857 0.334106 0.0619111 0.426761 330.884;
71.2352 0.183312 0.0791548 0.420488 487.619;
71.6973 0.401148 0.0965167 0.254384 336.689;
63.8903 0.112345 0.0589589 0.258541 1599.27;
62.9541 0.344421 0.0555061 0.133893 264.127;
60.7598 0.101476 0.0466928 0.076913 258.322;
58.7071 0.0624074 0.0226825 0.0904441 211.882;
56.9911 0.082223 0.0293828 0.0698566 267.029;
51.9271 0.477955 0.02931 0.25033 542.766;
50.8789 0.704343 0.0303612 0.524217 545.669;
