73.8188 0.0995274 0.228784 0.451756 336.689;
75.7519 0.0860291 0.209758 0.20242 336.689;
63.5858 0.196226 0.0715222 0.282343 177.052;
61.7007 0.249756 0.19521 0.0948973 156.735;
58.7081 0.115372 0.0680603 0.0709245 162.54;
56.8382 0.0984154 0.0547119 0.264901 348.299;
51.623 0.18866 0.163102 0.159726 153.832;
49.5227 0.0979919 0.101295 0.204979 528.254;
46.7493 0.39151 0.115198 0.180626 206.077;
49.6409 0.16379 0.140394 0.27947 307.664;
51.9907 0.211029 0.171644 0.261783 386.032;
51.6899 0.327133 0.173403 0.312365 327.982;
51.6543 0.25769 0.15647 0.179867 339.592;
49.7299 0.1987 0.0870891 0.23181 357.007;
51.6938 0.278728 0.155638 0.354925 162.54;
56.8607 0.216614 0.177825 0.271111 156.735;
58.6991 0.171906 0.18277 0.491573 496.327;
61.9948 0.364758 0.225536 0.418793 351.202;
63.9617 0.614367 0.215336 0.205517 339.592;
58.7144 0.390665 0.151959 0.263737 357.007;
45.7476 0.808777 0.156382 0.462074 342.494;
63.7787 0.535477 0.268088 0.53954 313.469;
56.8131 0.424286 0.256695 0.526623 162.54;
63.8452 0.670776 0.286109 0.135701 185.76;
58.3663 0.150143 0.0607235 0.127363 185.76;
58.8099 0.158691 0.0640798 0.397467 745.941;
58.6985 0.0484619 0.0863005 0.144091 325.079;
58.7979 0.19104 0.0811408 0.444956 548.571;
63.6759 0.782684 0.189335 0.193944 510.839;
58.8239 0.393579 0.146802 0.247827 499.229;
46.7957 0.279236 0.175908 0.19294 554.376;
58.8191 0.0636902 0.119082 0.173779 1364.17;
47.2154 0.0781403 0.130426 0.163034 194.467;
46.592 0.199127 0.138578 0.160119 159.637;
49.7712 0.183197 0.112089 0.319755 171.247;
51.9485 0.191998 0.19797 0.341938 359.909;
51.9782 0.221588 0.152638 0.190014 444.082;
52.0451 0.196655 0.10546 0.336048 208.98;
53.8013 0.181519 0.206 0.175888 145.125;
51.829 0.118378 0.107558 0.173148 182.857;
49.6649 0.234406 0.109935 0.266838 174.15;
51.8614 0.176624 0.164595 0.223507 159.637;
52.8719 0.174564 0.146153 0.470886 342.494;
58.8576 0.458836 0.210657 0.490103 386.032;
61.8901 0.413757 0.287328 0.358763 348.299;
63.7401 0.184267 0.220984 0.477991 525.351;
64.8442 0.420563 0.160632 0.577923 371.519;
70.8244 0.240118 0.320489 0.642368 208.98;
70.8076 0.313751 0.370718 0.581366 333.787;
68.8045 0.219364 0.320016 0.60015 322.177;
63.8787 0.306183 0.2744 0.622171 357.007;
61.8619 0.569307 0.263206 0.489519 171.247;
61.8354 0.295044 0.255466 0.550356 162.54;
61.8237 0.373371 0.271602 0.457552 179.955;
61.7586 0.216797 0.207982 0.393482 177.052;
61.7348 0.283142 0.168942 0.290756 188.662;
61.4235 0.161819 0.213261 0.315235 165.442;
61.3828 0.12854 0.175598 0.238367 177.052;
61.3107 0.134703 0.199351 0.27449 165.442;
61.36 0.100739 0.194764 0.255715 516.644;
44.5104 0.0342712 0.171311 0.363541 194.467;
58.6983 0.242916 0.168264 0.161972 664.671;
53.7696 0.139252 0.125496 0.443819 348.299;
58.7892 0.363365 0.266215 0.535508 174.15;
56.8448 0.324524 0.187375 0.442776 891.066;
59.0156 0.200073 0.241483 0.381053 182.857;
58.8035 0.185472 0.200086 0.456924 371.519;
56.9132 0.609009 0.253602 0.372282 177.052;
56.8496 0.20285 0.214302 0.381368 168.345;
56.873 0.378204 0.200264 0.258075 168.345;
56.8376 0.141598 0.187408 0.263904 182.857;
56.8252 0.21283 0.135734 0.307172 171.247;
56.8506 0.0898438 0.216862 0.213993 179.955;
49.7539 0.152988 0.140965 0.252032 185.76;
63.8031 0.0697556 0.186797 0.431264 325.079;
61.7595 0.398254 0.190782 0.447111 162.54;
61.7689 0.366362 0.201498 0.427998 188.662;
61.7723 0.323318 0.24588 0.56996 150.93;
61.8099 0.457027 0.319359 0.526782 214.785;
61.7759 0.608803 0.240848 0.511489 130.612;
61.7796 0.542908 0.258389 0.462191 182.857;
61.766 0.373688 0.222828 0.50213 185.76;
61.7678 0.54892 0.247018 0.397684 171.247;
61.7043 0.357105 0.264248 0.342234 168.345;
61.6181 0.276489 0.169472 0.453152 203.175;
61.5477 0.236649 0.270026 0.320048 136.417;
61.5347 0.203644 0.207594 0.177547 206.077;
61.2773 0.177149 0.123735 0.182724 168.345;
61.2693 0.131666 0.102346 0.192105 182.857;
61.297 0.110596 0.147871 0.462926 354.104;
47.8362 0.0643921 0.311521 0.345505 505.034;
58.8809 0.592102 0.188974 0.683259 1108.75;
63.7738 1.00535 0.306667 0.656518 182.857 ;
70.7784 0.557957 0.376427 0.686391 162.54;
70.772 0.536037 0.351039 0.490219 191.565;
70.761 0.430573 0.271699 0.68394 153.832;
70.7378 0.76906 0.360979 0.282662 185.76;
70.7544 0.61129 0.366848 0.240595 162.54;
70.7157 0.689209 0.271148 0.204824 197.37;
42.7105 0.281799 0.136598 0.696529 139.32;
70.7776 0.344891 0.345699 0.340692 179.955;
70.7267 0.400349 0.290532 0.640863 139.32;
70.7861 0.594635 0.272377 0.302597 185.76;
70.2317 0.320408 0.188612 0.28328 139.32;
70.2339 0.657143 0.169524 0.371045 200.272;
54.5577 0.149416 0.216237 0.183362 1552.83;
58.4249 0.0615635 0.107661 0.548674 708.209;
61.8769 0.718603 0.285015 0.17254 179.955;
58.7754 0.0693245 0.141407 0.339776 679.184;
58.8495 0.239943 0.179249 0.142697 388.934;
58.8323 0.100555 0.0883839 0.0957828 142.222;
56.8072 0.151459 0.07679 0.331592 536.961;
61.9508 0.21463 0.176754 0.413847 148.027;
63.7401 0.32383 0.216998 0.225575 168.345;
61.8355 0.135498 0.155177 0.401203 153.832;
63.7717 0.294617 0.208 0.368002 525.351;
63.9214 0.413395 0.192949 0.564705 304.762;
70.6806 0.3887 0.292413 0.194964 293.152;
70.8467 0.311039 0.29486 0.565432 336.689;
72.71 0.306162 0.274444 0.597548 336.689;
74.1605 0.50386 0.307435 0.660524 327.982;
72.7112 0.387264 0.334601 0.670057 502.132;
72.6992 0.348211 0.421101 0.70383 490.522;
77.6004 0.32119 0.260345 0.682582 505.034;
77.5928 0.392181 0.246195 0.503327 359.909;
79.7525 0.497267 0.276033 0.49486 2197.19;
80.6496 0.0571146 0.227447 0.434488 496.327;
75.5723 0.1108 0.198135 0.395461 484.717;
73.452 0.119781 0.250194 0.442358 525.351;
77.5713 0.272471 0.134743 0.514382 696.599;
70.8004 0.260681 0.267718 0.404725 179.955;
68.7594 0.200961 0.246538 0.650636 319.274;
70.7967 0.218796 0.298687 0.565961 145.125;
73.7231 0.226941 0.323809 0.503064 165.442;
72.7115 0.18607 0.200832 0.447572 159.637;
70.7587 0.196086 0.241239 0.383893 171.247;
68.6941 0.0964966 0.224109 0.6066 307.664;
70.7562 0.230633 0.282677 0.413638 197.37;
68.4277 0.0621948 0.182781 0.520432 310.567;
70.7623 0.293514 0.277242 0.46968 357.007;
71.6393 0.249086 0.182001 0.326771 168.345;
61.7305 0.144655 0.207058 0.299019 177.052;
60.7875 0.164485 0.169418 0.333472 171.247;
61.7334 0.186035 0.190702 0.564669 528.254;
68.8242 0.287012 0.326895 0.221807 182.857;
61.6962 0.135681 0.161691 0.19477 345.397;
61.6801 0.0490704 0.159672 0.620909 534.059;
65.7921 0.341892 0.31879 0.229082 2081.09;
46.8398 0.548111 0.170468 0.348415 171.247;
48.7615 0.304605 0.165269 0.260242 159.637;
49.7781 0.290558 0.130408 0.23729 145.125;
51.8598 0.217793 0.16589 0.128497 174.15;
54.0172 0.176392 0.0868335 0.196231 142.222;
54.9573 0.171143 0.119429 0.208847 171.247;
56.954 0.0886488 0.141739 0.328965 1697.96;
60.7479 0.258999 0.244602 0.239655 513.742;
61.7138 0.240946 0.152652 0.203628 542.766;
60.7186 0.185368 0.14942 0.250996 2353.92;
46.7815 0.891815 0.214582 0.237064 171.247;
44.8529 0.390211 0.120139 0.23093 148.027;
44.8339 0.386902 0.16888 0.197736 188.662;
41.7119 0.652845 0.11329 0.230554 153.832;
41.8202 0.520178 0.0916907 0.122167 2086.89;
46.6987 0.083559 0.0985292 0.161105 339.592;
51.6491 0.0697021 0.128619 0.147645 362.812;
56.8463 0.0684204 0.112294 0.372865 185.76;
58.9197 0.594901 0.216401 0.586526 673.379;
61.8138 0.315826 0.223395 0.429929 336.689;
61.7803 0.35614 0.228921 0.3946 145.125;
61.7882 0.348835 0.166911 0.373785 327.982;
56.9349 0.182059 0.192815 0.412732 316.372;
56.8788 0.191193 0.201726 0.396547 650.159;
58.8543 0.176331 0.155921 0.544135 301.859;
65.7699 0.332474 0.251562 0.488154 516.644;
63.8549 0.328087 0.250882 0.529153 664.671;
63.7861 0.352386 0.2739 0.384422 777.868;
70.7107 0.207352 0.193549 0.4619 673.379;
70.6933 0.0588379 0.309862 0.508488 612.426;
70.6976 0.0571208 0.286613 0.388775 307.664;
70.7003 0.0533752 0.238738 0.395932 310.567;
70.7007 0.102352 0.252328 0.372844 522.449;
70.6903 0.192503 0.202641 0.395621 470.204;
70.6872 0.119911 0.242771 0.316741 208.98;
70.6675 0.0800781 0.145302 0.571274 252.517;
70.7052 0.39627 0.284135 0.437017 197.37;
70.6976 0.185867 0.291489 0.446485 165.442;
70.6635 0.0852468 0.298291 0.625418 342.494;
70.7153 0.483024 0.353011 0.294099 191.565;
70.6668 0.0780029 0.18315 0.615157 516.644;
70.7075 0.952084 0.305901 0.345493 177.052;
70.6952 0.196169 0.177946 0.440058 153.832;
70.6887 0.0609775 0.267675 0.608789 705.306;
70.7553 0.87323 0.264755 0.729751 539.864;
73.8365 0.248873 0.390353 0.619479 507.936;
75.6792 0.158691 0.340514 0.330545 185.76;
70.7231 0.150232 0.177716 0.375307 168.345;
70.7276 0.117647 0.222342 0.657893 339.592;
70.8021 0.610068 0.319133 0.464288 359.909;
70.7524 0.103546 0.292694 0.708104 342.494;
70.7938 0.401876 0.325828 0.352582 522.449;
70.7321 0.178324 0.219696 0.724633 156.735;
70.8117 0.665344 0.305404 0.532344 534.059;
70.744 0.231959 0.253299 0.677689 168.345;
70.8182 0.895451 0.284598 0.756427 380.227;
70.7144 0.15271 0.323522 0.749042 278.639;
70.7544 1.00475 0.355881 0.557243 197.37;
70.723 0.35086 0.26478 0.575124 368.617;
70.7353 0.25496 0.343103 0.660364 148.027;
70.7862 1.00064 0.320178 0.301261 1544.13;
46.9524 0.438813 0.116431 0.18176 197.37;
46.6945 0.345918 0.115475 0.263722 310.567;
46.8159 0.496857 0.169621 0.316669 342.494;
46.913 0.443508 0.171477 0.255633 464.399;
49.919 0.462785 0.154198 0.177859 159.637;
51.6078 0.218597 0.148227 0.300988 179.955;
53.7259 0.267255 0.180359 0.182261 121.905;
56.9519 0.131592 0.107454 0.334 171.247;
58.8262 0.16849 0.18542 0.441369 325.079;
61.8032 0.352015 0.20823 0.598503 307.664;
65.7522 0.307465 0.348888 0.651322 313.469;
70.8168 0.257954 0.348333 0.290261 655.964;
65.6643 0.0745697 0.184779 0.372108 519.546;
63.7823 0.0474043 0.24272 0.260616 325.079;
60.7337 0.0862427 0.183726 0.268384 162.54;
58.697 0.0651097 0.188594 0.183807 345.397;
55.8382 0.087573 0.132458 0.204218 168.345;
53.8332 0.165363 0.129288 0.293629 206.077;
51.7607 0.308133 0.178788 0.308877 345.397;
48.6643 0.308262 0.160739 0.113514 1442.54;
51.5967 0.0975434 0.0786533 0.104316 139.32;
49.5257 0.0943616 0.0857728 0.13619 142.222;
49.136 0.151964 0.0866427 0.141936 113.197;
46.6739 0.107147 0.116879 0.110571 150.93;
44.7206 0.119967 0.091424 0.237548 2470.02;
63.6955 0.131819 0.139158 0.283869 412.154;
61.7025 0.135481 0.192128 0.213846 223.492;
63.7056 0.2491 0.0994734 0.212425 243.81;
61.4966 0.211397 0.169948 0.450802 339.592;
63.8553 0.35349 0.213954 0.114457 290.249;
58.9764 0.106465 0.0725586 0.295876 174.15;
61.6215 0.297119 0.194964 0.308482 307.664;
63.9039 0.402343 0.136338 0.392591 342.494;
61.7112 0.236462 0.262998 0.367469 304.762;
64.4118 0.391022 0.104255 0.131516 168.345;
58.8308 0.0578835 0.0783988 0.513002 168.345;
61.7867 0.244555 0.231533 0.434065 313.469;
65.0313 0.346501 0.159544 0.18908 159.637;
63.7954 0.127247 0.0841609 0.410797 647.256;
64.7622 0.363768 0.0766113 0.496587 325.079;
68.7603 0.328278 0.285355 0.512308 165.442;
63.7753 0.532114 0.226779 0.135582 174.15;
58.7585 0.0625 0.0706666 0.328179 493.424;
58.7417 0.270628 0.1182 0.492228 658.866;
69.7663 0.426236 0.190099 0.148748 200.272;
58.7961 0.11936 0.077751 0.149709 258.322;
58.7729 0.164155 0.0777131 0.121142 354.104;
39.5665 0.0533314 0.0864776 0.46859 307.664;
56.6173 0.317957 0.209494 0.451731 174.15;
68.7991 0.708109 0.257984 0.41737 679.184;
57.7637 0.462953 0.172359 0.267279 676.281;
58.8435 0.229584 0.0739831 0.264441 1047.8;
58.8208 0.127136 0.0564978 0.0816825 153.832;
56.8064 0.062536 0.0280195 0.374615 1213.24;
46.725 0.342251 0.0762728 0.17579 162.54;
49.8057 0.24907 0.0445647 0.148425 145.125;
51.9791 0.199707 0.0418699 0.160423 185.76;
52.8721 0.165444 0.0594874 0.25176 1059.41;
61.7027 0.261963 0.0846403 0.521598 339.592;
64.7804 0.302613 0.0832244 0.534136 505.034;
68.8141 0.246864 0.118894 0.352879 438.277;
65.7588 0.230234 0.0628102 0.330733 330.884;
68.8126 0.252434 0.114286 0.524158 638.549;
72.8036 0.223581 0.129367 0.52095 298.957;
70.7727 0.224121 0.165706 0.555967 168.345;
68.8061 0.268095 0.139677 0.27418 142.222;
65.7421 0.213298 0.0782645 0.182837 159.637;
63.7349 0.0440261 0.0565665 0.474115 493.424;
63.7879 0.275457 0.108429 0.348174 516.644;
61.7797 0.350581 0.0640731 0.330689 467.302;
61.8086 0.301451 0.085492 0.312992 235.102;
61.7928 0.336703 0.0930815 0.277374 272.834;
61.7932 0.271233 0.0637979 0.243037 211.882;
61.7944 0.274245 0.0904737 0.264401 261.224;
61.8442 0.312448 0.0731087 0.341837 214.785;
61.81 0.349078 0.0853009 0.345597 217.687;
61.8122 0.335846 0.0928733 0.311487 229.297;
61.7917 0.345575 0.0729911 0.210531 229.297;
61.7753 0.241486 0.0640723 0.342965 252.517;
61.7855 0.337814 0.0715953 0.330356 217.687;
61.8023 0.31857 0.0775561 0.317619 246.712;
61.826 0.346523 0.0949697 0.269904 211.882;
61.7956 0.285595 0.0774549 0.36307 220.59;
61.7841 0.362679 0.0942907 0.314978 664.671;
53.8231 0.241913 0.0777775 0.285027 377.324;
53.8891 0.402623 0.0826471 0.323422 162.54;
53.8771 0.348926 0.0608378 0.353246 954.921;
53.7948 0.270195 0.0695213 0.150047 513.742;
53.8442 0.232521 0.0756825 0.0370206 513.742;
51.5374 0.185856 0.0272449 0.244246 505.034;
49.6568 0.405157 0.080337 0.213944 348.299;
53.6235 0.270337 0.0692812 0.199633 179.955;
53.7404 0.320513 0.0594792 0.699576 325.079;
51.6088 0.336788 0.0681857 0.327958 177.052;
51.6758 0.453367 0.0768695 0.1163 345.397;
49.6795 0.670763 0.0446634 0.190552 333.787;
46.8912 0.671406 0.0419492 0.471878 1399;
54.6427 0.548857 0.0771492 0.453278 499.229;
73.6874 0.213923 0.146524 0.525091 513.742;
75.75 0.240929 0.108613 0.579213 359.909;
73.7766 0.179172 0.149204 0.410206 621.134;
75.7374 0.349443 0.0885643 0.334519 2362.63;
73.7116 0.0423676 0.104727 0.230319 743.039;
70.7101 0.0610373 0.0675333 0.221902 345.397;
68.6948 0.101171 0.0770395 0.174137 319.274;
66.7125 0.139752 0.0574031 0.14135 325.079;
65.6774 0.0957593 0.0446718 0.0515382 284.444;
63.6306 0.0601784 0.0258031 0.0429892 238.005;
61.8152 0.152574 0.0259115 0.0284878 223.492;
60.7645 0.154967 0.0156122 0.296182 142.222;
58.753 0.118256 0.00741405 0.224705 359.909;
56.8563 0.205596 0.0375601 0.174371 339.592;
51.6511 0.349136 0.0269982 0.0158267 174.15;
46.6275 0.0709568 0.00847712 0.187902 809.796;
46.9112 0.472848 0.0187849 0.156812 174.15;
48.7122 0.309631 0.0146823 0.122607 145.125;
49.6862 0.218997 0.0144885 0.175919 171.247;
51.8105 0.292628 0.023997 0.250619 278.639;
54.9928 0.291496 0.033499 0.0453658 136.417;
55.2446 0.118986 0.0145149 0.0242163 182.857;
58.8326 0.0606904 0.0134014 0.301215 1721.18;
61.789 0.395659 0.0409176 0.357865 812.698;
64.7205 0.355449 0.0271083 0.0294288 464.399;
58.8471 0.16961 0.0142907 0.341462 687.891;
61.9125 0.48197 0.0144687 0.105731 179.955;
58.7972 0.0572452 0.0420845 0.1 1438.21;